20
0, 27.0, 20.5, 0.25, 1, 1 
1, 1.0, -20.5, 0.25, 1, 0
2, 20.0, 15.0, 0.25, 5, 3,4,5,6,7
3, 7.0, 15.0, 0.25, 5, 2,4,5,6,7
4, 20.0, -15.0, 0.25, 5, 2,3,5,6,7
5, 7.0, -15.0, 0.25, 5, 2,3,4,6,7
6, 7.0, 4.0, 0.25, 5, 2,3,4,5,7
7, 20.0, 4.0, 0.25, 5, 2,3,4,5,6
8, -2.0, 0, 0.25, 1, 9
9, 27.0, 0, 0.25, 1, 8
10, -2.0, 0, 0.25, 1, 11
11, 27.0,20.5, 0.25, 1, 10
12, -2.0, 0, 0.25, 1, 13
13, 10.0,-20.5, 0.25, 1, 12
14, -2.0, 0, 0.25, 1, 8
15, 27.0,-15.5, 0.25, 1, 1 
16, 1.0, 20.5, 0.25, 1, 0
17, 27.0, 0.0, 0.25, 1, 1
18, 1.0, 0.0, 0.25, 1, 0
19, -4.0, 0.5, 0.25, 1, 19






