19
0, 3.0, 8.0, 0.2, 3, 1, 3, 8
1, 46.0, 8.0, 0.2, 4, 0, 2, 9, 11
2, 46.0, 37.0, 0.2, 3, 1, 3, 12
3, 3.0, 37.0, 0.2, 3, 0, 2, 17
4, 2.0, 67.0, 0.2, 2, 5, 7
5, 46.0, 67.0, 0.2, 3, 4, 6, 14
6, 46.0, 96.0, 0.2, 3, 5, 7, 15
7, 2.0, 96.0, 0.2, 2, 4, 6
8, 3.0, 2.5, 0.1, 2, 0, 9
9, 46.0, 2.5, 0.2, 3, 1, 8, 10
10, 88.0, 2.5, 0.2, 2, 9, 11
11, 88.0, 8.0, 0.2, 3, 1, 10, 12
12, 90.0, 39.0, 0.2, 4, 2, 11, 13, 16
13, 90.0, 70.0, 0.2, 3, 12, 14, 15
14, 68.0, 70.0, 0.2, 2, 5, 13
15, 90.0, 96.0, 0.2, 2, 6, 13
16, 80.0, 42.4, 0.2, 2, 12, 18
17, 11.0, 42.0, 0.2, 2, 3, 18
18, 49.0, 51.0, 0.2, 2, 16, 17
